Pitch: 6.5
Yaw: 15
Power: 0.440321

Pitch: 10.5
Yaw: 25
Power: 0.457365

